x=[0.14925716
0.11445581
0.230231777
0.156540826
0.153165538
0.219633519
0.023470582
0.077079297
0.241371904
0.242089674
0.221281694
0.050604969
0.082687539
0.149456104
0.191393245
0.239150901
0.105594313
0.085037511
0.112130274
0.097471645
0.125936196
0.14077899
0.112815914
0.072392437
0.149529947
0.211067141
0.060756754
0.133133266
0.063108464
0.253360786
0.185579476
0.254792149
0.094818104
0.191568834
0.233371632
0.066245208
0.179673503
0.214221757
0.126570395
0.19001053
0.231977312
0.155016663
0.095316724
0.189635372
0.056084664
0.074669934
0.046037295
0.200908823
0.224395279
0.159150669
0.225083896
0.214305209
0.134128608
0.232895194
0.082917257
0.234550252
0.200239114
0.1395586
0.056945962
0.050857595
0.172562238
0.166389462
0.15994695
0.195473576
0.101201312
0.153707703
0.252567802
0.240596741
0.111042563
0.141362373
0.18190534
0.144579102
0.055062507
0.183273437
0.155546073
0.096224291
0.177569649
0.080573377
0.172071183
0.26856145
0.077720755
0.243301467
0.146446117
0.11666066
0.095112724
0.089351311
0.126855122
0.252616332
0.128316322
0.16040987
0.151433779
0.187862766
0.254052406
0.282627507
0.170268569
0.153918979
0.225434951
0.248562162
0.221532701
0.274033665
0.20384395
0.153080431
0.164576208
0.190445836
0.198572101
0.181918249
0.225019959
0.261925698
0.105121032
0.239508849
0.113072239
0.129070511
0.161430222
0.168194414
0.258408857
0.195646087
0.165944741
0.248882894
0.174082085
0.195612322
0.248322138
0.308089742
0.252327926
0.114990065
0.278115583
0.200470472
0.254868879
0.190593747
0.292837167
0.316802954
0.122078838
0.147049844
0.278561806
0.149251362
0.302181776
0.233652119
0.30818642
0.246383456
0.123309958
0.278403374
0.236904634
0.175963991
0.195510064
0.196658966
0.173806856
0.197834703
0.288321479
0.287408356
0.228297127
0.227332079
0.29995865
0.189417011
0.324456386
0.248313593
0.350514212
0.321020216
0.246637197
0.360911826
0.339006264
0.379750695
0.335243125
0.283271843
0.276475392
0.336215624
0.397078515
0.306399951
0.277335969
0.400018785
0.330321202
0.43540889
0.471271242
0.445447416
0.515630894
0.409955424
0.400964209
0.427563137
0.452400315
0.461963161
0.469378385
0.425648549
0.388443713
0.372097939
0.509737309
0.537290756
0.483670137
0.412316925
0.445627217
0.451353582
0.396706843
0.473647561
0.434734729
0.475213018
0.512452512
0.519877041
0.417624422
0.460292783
0.515921689
0.560565201
0.498196701
0.401514181
0.455025404
0.355210226
0.497966392
0.534845384
0.472438335
0.59284662
0.383211428
0.399280852
0.556520941
0.510042805
0.569056009
0.476335686
0.45487049
0.47484884
0.623249374
0.503805547
0.475397455
0.519667309
0.620136877
0.652030704
0.511963539
0.679892916
0.618061528
0.607204506
0.640313989
0.632747318
0.586272931
0.5742977
0.548905098
0.526617767
0.670814206
0.49427345
0.479054656
0.549619121
0.537381777
0.61323898
0.536613526
0.649124198
0.529203195
0.523288673
0.49414489
0.62682149
0.689883734
0.697912031
0.659931746
0.71669819
0.569341882
0.548751268
0.756304533
0.576987608
0.58064515
0.598872167
0.672990856
0.672715392
0.687518845
0.658010419
0.646690885
0.593466522
0.707381662
0.675592336
0.664719032
0.622410434
0.793901868
0.685670905
0.674506354
0.578895753
0.66213883
0.586438168
0.796671937
0.755075755
0.75209463
0.749149531
0.738296811
0.751082183
0.700303379
0.722682346
0.763386436
0.758279582
0.753740435
0.734202848
0.646660846
0.723152232
0.756900596
0.744706345
0.758713344
0.794321805
0.699161184
0.726422959
0.68022214
0.700792208
0.655718758
0.689736924
0.702857246
0.635535833
0.646503641
0.688549493
0.774037493
0.771579929
0.73608739
0.740562412
0.712808473
0.689302697
0.674995728
0.643604792
0.788900978
0.678094436
0.781781421
0.77748421
0.60863871
0.682821161
0.603984864
0.691703205
0.70589507
0.624452977
0.717180888
0.732618849
0.731395248
0.731876418
0.688048155
0.619622755
0.681844449
0.64994935
0.629062454
0.620988751
0.620566585
0.771913454
0.581695114
0.798141981
0.706064076
0.61787055
0.656572181
0.708737299
0.657238641
0.754653621
0.632758085
0.691833047
0.623958034
0.77219573
0.707187172
0.692447741
0.739237986
0.757041313
0.75848037
0.722498156
0.803636548
0.668331282
0.794820346
0.653154803
0.707549404
0.672113463
0.62187817
0.678505586
0.678442994
0.688989523
0.594037177
0.621655531
0.797318123
0.621994984
0.751931219
0.629682299
0.646160689
0.726401909
0.760073419
0.627134524
0.721700817
0.597713747
0.765701124
0.811782848
0.639313182
0.766793926
0.760141853
0.707725879
0.691679505
0.746962388
0.757818145
0.671488781
0.712729869
0.670392426
0.667145294
0.694326933
0.740119666
0.69810033
0.639388075
0.752912229
0.643302622
0.668030604
0.76380649
0.615748085
0.661043791
0.624127294
0.633983424
0.692795847
0.621735967
0.708535797
0.59913066
0.648194144
0.767956886
0.744138259
0.597939672
0.740053096
0.639863705
0.783504564
0.770664816
0.675483891
0.654703749
0.647214411
0.759772598
0.661491516
0.636830653
0.685428724
0.741756373
0.654097513
0.625868933
0.765901258
0.702728972
0.673764943
0.729485114
0.705501105
0.691519791
0.619913219
0.639007727
0.756965333
0.727970976
0.736841046
0.714760693
0.582520743
0.697129249
0.697393599
0.630898757
0.587270174
0.666375812
0.742426433
0.632137381
0.633237566
0.690867879
0.783416248
0.759545842
0.691562551
0.592659623
0.713281465
0.692051931
0.72147794
0.604056995
0.760403224
0.610059725
0.817523829
0.723941221
0.769256276
0.793296207
0.645999664
0.752476663
0.790048224
0.657438022
0.746832831
0.780768204
0.618203728
0.595274055
0.753110206
0.772652129
0.689729764
0.647984873
0.709776038
0.661042913
0.703035188
0.688488729
0.766339128
0.723545531
0.584576428
0.732135926
0.773637379
0.782346912
0.691341759
0.791747622
0.603195746
0.689166727
0.646507817
0.710962298
0.637812319
0.629803512
0.76186259
0.692276713
0.802578349
0.607375076
0.70265154
0.665497654
0.634152629
0.729621785
0.58739386
0.657184686
0.712199333
0.707975063
0.669097476
0.732959018
0.646508866
0.774908149
0.783264746
0.745209716
0.692015711
0.628368747
0.680883855
0.654156972
0.802414509
0.718644296
0.796969414
0.760182915
0.673120099
0.825542061
0.782724475
0.70266765
0.761031927
0.765928772
0.612586433
0.796288605
0.75625128
0.828820726
0.81003876
0.608626399
0.644335281
0.674378423
0.770795931
0.785477384
0.729721565
0.757219455
0.668245561
0.766679674
0.792633175
0.673994973
0.786408641
0.699401991
0.738090876
0.673504699
0.710165952
0.72141353
0.758220221
0.755734916
0.659523615
0.763601628
0.826664732
0.828010459
0.686087775
0.809199863
0.788143812
0.710222822
0.826372929
0.779226436
0.663631934
0.682172072
0.816216359
0.648324984
0.635853082
0.718394644
0.767426955
0.847983251
0.66580453
0.76737797
0.663054374
0.769068353
0.689507876
0.739851282
0.779760668
0.787762956
0.742158122
0.66430661
0.728491444
0.759006027
0.789286677
0.817499414
0.816202075
0.846123568
0.83865837
0.786801261
0.72143305
0.793581427
0.744206376
0.74205602
0.687076048
0.718498913
0.703114842
0.808943728
0.891069532
0.902956492
0.797618616
0.910029434
0.793374334
0.728564439
0.77718221
0.758511233
0.869120975
0.764766347
0.86530346
0.860910737
0.839473856
0.825649718
0.765855135
0.775677979
0.728249321
0.760226699
0.917919457
0.788472774
0.849173042
0.88956762
0.819901262
0.850527425
0.895148769
0.744953243
0.896061706
0.877675416
0.819514078
0.813341034
0.836842829
0.839076264
0.937543201
0.939193159
0.930347778
0.780054973
0.840455083
0.824542023
0.905500019
0.801702388
0.91952913
0.868177697
0.77210513
0.826908214
0.956531724
0.954015736
0.925735244
0.940022879
0.970539746
0.830012703
0.949674716
0.873260276
0.84482727
0.855554871
0.915728775
0.926182632
0.793624829
0.858360087
0.884668235
0.938753267
0.841453568
0.860376496
0.867982127
0.873998971
0.930421326
0.962331885
0.924151114
0.914282175
0.822755969
0.954856826
0.845483277
0.864585761
0.94287541
0.881377403
0.8446833
0.89878919
0.852292294
0.857629142
0.857879691
0.92865954
0.851371409
0.948166247
0.942698058
0.918027386
0.980930846
0.865968987
0.99157161
0.872281907
0.986030099
0.979188778
0.963129409
0.930548245
0.970876196
